%YAML:1.0
---
codebookSize: 128
vectorDim: 16
blockSize: 4
codewords:
   - !!opencv-matrix
      rows: 1
      cols: 16
      dt: f
      data: [ 254.817673, 254.884201, 254.902649, 254.803452, 254.951324,
          254.971283, 254.973099, 254.958282, 254.935303, 254.974915,
          254.980957, 254.938934, 254.796204, 254.922302, 254.920181,
          254.76506 ]
   - !!opencv-matrix
      rows: 1
      cols: 16
      dt: f
      data: [ 248.775009, 246.25, 230.824997, 206.025009, 251.949997,
          250.725006, 240.025009, 211.875, 252.350006, 250.800003,
          243.725006, 229.225006, 248.5, 249.900009, 245.699997,
          240.400009 ]
   - !!opencv-matrix
      rows: 1
      cols: 16
      dt: f
      data: [ 169.074997, 236.300003, 250.699997, 247.925003, 230.324997,
          244.75, 251.375, 250.25, 244.525009, 245.425003, 249.800003,
          251.199997, 246.824997, 244.824997, 249.400009, 247.074997 ]
   - !!opencv-matrix
      rows: 1
      cols: 16
      dt: f
      data: [ 126.950005, 159., 203.199997, 226.25, 228.25, 244.449997,
          241.800003, 236.5, 245.050003, 245., 243.850006, 243.100006,
          243.5, 243.650009, 243.949997, 242.699997 ]
   - !!opencv-matrix
      rows: 1
      cols: 16
      dt: f
      data: [ 96.772728, 224.272736, 249.772736, 250.5, 142.636368,
          247.409103, 250.954559, 251.136368, 203.590912, 249.954559,
          251.954559, 252.090912, 229.954559, 248.272736, 248.863647,
          244.909103 ]
   - !!opencv-matrix
      rows: 1
      cols: 16
      dt: f
      data: [ 76.7142868, 103.571434, 234.571442, 247.428589, 79.7857208,
          201.214294, 248.928589, 248.428589, 181.071442, 242.714294,
          247.857147, 242.428589, 245.071442, 248.928589, 245.857147,
          235.928589 ]
   - !!opencv-matrix
      rows: 1
      cols: 16
      dt: f
      data: [ 117.222221, 195.555557, 210.055557, 214.555557, 196.055557,
          182.777786, 198.777786, 207.388885, 227.5, 218.722229,
          211.277786, 207.222229, 229.111115, 225.055557, 220.944443,
          213.111115 ]
   - !!opencv-matrix
      rows: 1
      cols: 16
      dt: f
      data: [ 94.4375, 123.875, 174.625, 198.5625, 142.9375, 202., 203.,
          200.625, 194.8125, 201.8125, 201.75, 188.375, 203.625,
          202.8125, 189.1875, 185.25 ]
   - !!opencv-matrix
      rows: 1
      cols: 16
      dt: f
      data: [ 249.128204, 250.02565, 250.92308, 241.692307, 243.769241,
          252.10257, 253.589752, 251.487183, 225.051285, 249.974365,
          252.846161, 253.435898, 162.487183, 240.487183, 252.051285,
          252.358978 ]
   - !!opencv-matrix
      rows: 1
      cols: 16
      dt: f
      data: [ 249.095245, 246.90477, 249.714294, 248.523819, 249.142868,
          247.238098, 250.095245, 250.142868, 226.761902, 243.428574,
          249.809525, 250.142868, 145.238098, 158.809525, 211.714294,
          239.714294 ]
   - !!opencv-matrix
      rows: 1
      cols: 16
      dt: f
      data: [ 234.682236, 234.90654, 236.948593, 237.280365, 232.93924,
          233.079437, 237.280365, 238.448593, 232.224289, 234.275696,
          236.177567, 237.81308, 234.285034, 233.855133, 235.799057,
          235.056061 ]
   - !!opencv-matrix
      rows: 1
      cols: 16
      dt: f
      data: [ 227., 216.416672, 222.666672, 230.729172, 213.75,
          211.458344, 202.041672, 211.166672, 237.708344, 236.270844,
          227.75, 221.25, 242.229172, 241.020844, 237.041672, 232.333344 ]
   - !!opencv-matrix
      rows: 1
      cols: 16
      dt: f
      data: [ 245.241379, 254.275864, 254.172409, 251.655167, 254.517242,
          253.517242, 252.620682, 248.896545, 253.724136, 253.517242,
          252.965515, 227.620682, 252.793106, 251.517242, 242.689651,
          155.344833 ]
   - !!opencv-matrix
      rows: 1
      cols: 16
      dt: f
      data: [ 252.588242, 252.882355, 253., 252.941177, 252.764709,
          252.764709, 252.941177, 252.705887, 252.764709, 247.705887,
          234.941177, 224.176468, 249.294113, 218.058823, 139.411758,
          130.823532 ]
   - !!opencv-matrix
      rows: 1
      cols: 16
      dt: f
      data: [ 252.454559, 252.090912, 253.681824, 234.045456, 250.772736,
          254.72728, 251.272736, 190.409103, 254.954559, 255.,
          250.363647, 134., 254.181824, 254.863647, 229.409103,
          102.909096 ]
   - !!opencv-matrix
      rows: 1
      cols: 16
      dt: f
      data: [ 179., 210.0625, 196.1875, 116.4375, 195.4375, 212.25,
          213.5, 90.375, 194.875, 209.1875, 215.8125, 84.9375, 194.8125,
          203.9375, 204.375, 78.1875 ]
   - !!opencv-matrix
      rows: 1
      cols: 16
      dt: f
      data: [ 240.54718, 240.77359, 239.71698, 236.245285, 229.98114,
          235.679245, 233.113205, 231.15094, 206.735855, 198.226425,
          201.49057, 206.320755, 209.15094, 213.98114, 215.20755,
          215.28302 ]
   - !!opencv-matrix
      rows: 1
      cols: 16
      dt: f
      data: [ 200.5, 224.083344, 243.333344, 251.458344, 182.416672,
          179.916672, 229.25, 247.791672, 189.708344, 183.25, 196.375,
          230.416672, 192.166672, 184.5, 185.416672, 224.083344 ]
   - !!opencv-matrix
      rows: 1
      cols: 16
      dt: f
      data: [ 230.666672, 224.090912, 190.57576, 163.72728, 230.121216,
          223.909103, 200.212128, 198.696976, 226.72728, 221.515152,
          208.272736, 207.666672, 222.121216, 222.30304, 216.030304,
          206.30304 ]
   - !!opencv-matrix
      rows: 1
      cols: 16
      dt: f
      data: [ 210.578201, 210.781998, 211.535553, 211.355453, 210.900482,
          211.270157, 211.857834, 211.763046, 210.426544, 210.336502,
          211.113754, 210.933655, 208.94313, 208.895737, 209.298584,
          208.933655 ]
   - !!opencv-matrix
      rows: 1
      cols: 16
      dt: f
      data: [ 200.857147, 197., 195.857147, 187.952377, 179.714294,
          176.619049, 182.571426, 195.190475, 201.523819, 196.761902,
          212.714294, 224.142868, 232.666672, 238.761902, 243.476196,
          245.476196 ]
   - !!opencv-matrix
      rows: 1
      cols: 16
      dt: f
      data: [ 213.399994, 151.685715, 186.228577, 208.371429, 212.142853,
          142.371429, 192.857147, 205.914291, 209.885712, 147.342865,
          201.971436, 208.02858, 202.114288, 159.314285, 200.057144,
          205.828568 ]
   - !!opencv-matrix
      rows: 1
      cols: 16
      dt: f
      data: [ 199.251358, 198.923492, 196.863388, 197.17485, 199.956284,
          199.207642, 197.218567, 196.502731, 199.759552, 198.825134,
          197.306, 195.606552, 197.737701, 196.874313, 196.404373,
          195.256821 ]
   - !!opencv-matrix
      rows: 1
      cols: 16
      dt: f
      data: [ 244.944443, 243.611115, 209.833328, 177.166672, 241.388885,
          205.166672, 150., 161.222229, 201.333328, 147.944443,
          166.055557, 206.055557, 183.888885, 171.222229, 192.166672,
          199.333328 ]
   - !!opencv-matrix
      rows: 1
      cols: 16
      dt: f
      data: [ 179.993469, 183.405228, 184.15686, 186.235291, 180.058823,
          181.398697, 184.803925, 185.477127, 180.954254, 179.653595,
          184.084976, 185.653595, 183.790848, 181.764709, 181.797394,
          185.169937 ]
   - !!opencv-matrix
      rows: 1
      cols: 16
      dt: f
      data: [ 177.518066, 176.060242, 172.63855, 166.409637, 177.132523,
          174.289154, 170.73494, 161.373489, 175.951797, 173.566254,
          163.457825, 154.710831, 165.469879, 164.746979, 158.325302,
          157.879517 ]
   - !!opencv-matrix
      rows: 1
      cols: 16
      dt: f
      data: [ 178.388885, 167., 128.833328, 124.166664, 191.694443,
          182.694443, 175.194443, 149.388885, 187.861115, 193.75,
          188.416672, 173.916672, 193.5, 194.305557, 190.277786,
          184.583328 ]
   - !!opencv-matrix
      rows: 1
      cols: 16
      dt: f
      data: [ 131.478256, 121.173912, 145.347824, 143.782608, 162.08696,
